initial: 6
0.71940 0.00000 0.09259 0.18801 0.00000 0.00000

transition: 6
0.30889 0.00050 0.49384 0.00005 0.00000 0.19672
0.00131 0.19941 0.79892 0.00037 0.00000 0.00000
0.00013 0.49878 0.20204 0.29904 0.00000 0.00000
0.00000 0.20141 0.00001 0.59790 0.00000 0.20067
0.10492 0.00000 0.00000 0.00000 0.49721 0.39786
0.00001 0.39405 0.00000 0.00000 0.29992 0.30602

observation: 6
0.99566 0.49878 0.29752 0.09853 0.00014 0.09899
0.00227 0.00001 0.39962 0.09974 0.10427 0.09756
0.00208 0.00174 0.20100 0.80172 0.09076 0.30869
0.00000 0.49947 0.10186 0.00001 0.00358 0.39569
0.00000 0.00000 0.00000 0.00000 0.00205 0.09908
0.00000 0.00000 0.00000 0.00000 0.79920 0.00000
