initial: 6
0.71803 0.00000 0.09490 0.18707 0.00000 0.00000

transition: 6
0.29613 0.00640 0.50722 0.00021 0.00000 0.19004
0.19917 0.20000 0.60082 0.00000 0.00000 0.00001
0.00271 0.49564 0.20205 0.29956 0.00000 0.00004
0.00001 0.20152 0.00104 0.59726 0.00000 0.20017
0.10716 0.00000 0.00000 0.00000 0.50013 0.39271
0.00010 0.39377 0.00000 0.00000 0.30412 0.30200

observation: 6
0.69631 0.49823 0.30266 0.10011 0.00001 0.09829
0.00081 0.00037 0.39799 0.09923 0.10301 0.09724
0.30246 0.00010 0.20023 0.19625 0.09773 0.30166
0.00042 0.50129 0.09909 0.00000 0.00059 0.40396
0.00000 0.00000 0.00004 0.60441 0.00289 0.09884
0.00000 0.00000 0.00000 0.00000 0.79577 0.00000
