initial: 6
0.00000 0.10277 0.09688 0.21039 0.00000 0.58997

transition: 6
0.20241 0.20214 0.59545 0.00000 0.00000 0.00000
0.00761 0.28742 0.51503 0.00003 0.00000 0.18991
0.49568 0.00548 0.19734 0.30150 0.00000 0.00000
0.20040 0.00003 0.00097 0.59886 0.00000 0.19975
0.00000 0.10164 0.00000 0.00000 0.50225 0.39611
0.39759 0.00001 0.00000 0.00000 0.30262 0.29979

observation: 6
0.49545 0.70024 0.30259 0.10049 0.00000 0.09971
0.00163 0.00109 0.39893 0.09946 0.10319 0.09587
0.00001 0.29848 0.20024 0.19646 0.09827 0.30133
0.50292 0.00019 0.09816 0.00000 0.00286 0.40221
0.00000 0.00000 0.00009 0.60358 0.00203 0.10088
0.00000 0.00000 0.00000 0.00000 0.79364 0.00000
